50 1 166.9739 222.6231 310.8750 438.5086 579.0710 310.5904
100 1 140.9008 187.1279 260.4375 359.0584 441.9171 260.0112
350 1 85.7910 109.1867 146.9062 184.9686 220.7550 146.9824
400 1 42.5947 57.4403 81.3750 117.3794 160.5668 81.3511
500 1 64.1843 78.8042 102.3750 137.0611 169.0516 102.4913
1000 1 13.7247 18.6482 26.7188 39.1795 55.1194 26.7488
300 1 83.8605 112.7008 158.4375 202.0137 240.2637 158.5290
350 1 60.0916 80.6599 114.3750 155.8622 188.1014 114.7095
350 1 60.0916 80.6599 114.3750 155.8622 188.1014 114.7095
400 1 57.4153 75.2006 103.8750 144.8660 178.9329 104.0840
500 1 41.8048 54.1535 74.0625 103.8793 140.3743 74.0627
750 1 28.0931 36.9339 51.1875 72.2032 99.2594 51.0687
